0
-906.84
-274.14
-114.36
-48.61
-228.44
-37.59
21.48
3.31
85.84
5.95
47.21
73.15
-93.06
13.38
-104.93
33.7
48.45
-20.92
41.73
29.45
99.89
182.18
102.43
27.89
-36.83
-6.02
85.45
-178.73
-159.51
-199.77
-141.87
-7.2
-47.8
-98.18
12.25
87.55
-9.93
102.06
74.63
142.45
-202.5
30.57
96.16
111.06
-15.27
-6.57
-45.9
235.52
185.03
17.93
167.69
113.49
7.81
-86.69
-7.02
-84.5
-150.78
-111.09
-88.11
-16.11
96.7
-43.98
-40.77
-17.18
-12.79
204.74
13.77
-15.07
-29.78
-64.54
78.62
3.83
-108.42
113.84
61.19
143.23
105.97
-78.42
-81.85
13.6
-198.01
-14.59
-77.95
90.6
66.21
258.02
-60.14
31.71
15.92
-10.43
-28.3
160.05
-106.95
55.81
226.16
68.36
226.7
-43.28
-149.07
43.56
-4.23
32.09
-194.03
-262.71
21.99
44.76
-149.07
-50.17
-257.92
-73.19
-29.02
-148.31
-85.49
-139.98
96.32
92.62
249.93
163.06
251.39
38.18
71.44
-57.95
-91.64
-44.64
-149.66
-305.16
-20.12
169.38
-88.89
-80.82
-35.97
22.92
241.34
57.76
18.16
129.25
192.81
-122.9
-18.23
-129.35
-140.87
-222.94
-100.85
-81.36
-101.29
-53.46
112.66
75.58
261.41
33.83
138.92
145.2
165.02
-146.66
47.77
-99.3
-40.16
-126.1
37.17
-156.77
29.77
-132.33
-246.83
44.49
85.31
224.72
118.62
58.72
246.91
230.04
-47.49
-167.27
-220.06
-90.95
185.68
-54.53
55.31
-30.97
129.63
14.11
127.74
-121.21
141.62
11.38
143.86
135.64
116.47
70.26
115.55
-121.61
-100.45
-159.51
-246.61
-226.59
-126.18
-227.66
-34.21
136.4
166.42
70.75
53.32
-17.31
44.14
-59.68
-152.44
-147.42
58.5
47.18
96.89
-25.8
-106
53.9
122.84
30.14
2.93
-134.94
58.64
211.51
-59.32
-60.73
-7.89
-33.87
63.29
-113.17
-111.13
332.8
-28.76
-139.77
-11.03
-39.13
-9.71
25.79
-405.5
-3.55
5.32
18.89
-108.47
-26.42
-50.63
249.72
-10.58
-40.31
-84.46
132.06
74.27
164.73
-148.55
76.53
97.29
29.04
-67.97
-71.39
-255.43
-93.88
-105.89
39.68
-1.77
123.92
48.86
151.96
75.38
21.08
-215.46
36.9
-134.76
105.35
-142.92
-19.49
155.55
159.41
50.46
-93.83
-202.52
76.85
154.18
-99.86
89.64
38.66
238.43
116.9
93.76
-1.72
34.01
83.35
93.02
-3.56
254.42
66.65
-87.73
27.91
-87.3
180.66
-35.35
-311.15
0.18
41.04
90.71
-67.67
-318.35
-31.02
-88.56
-228.02
-386.13
-623.42
-403.23
-192.79
139.34
437.29
255.54
404.64
351.22
236.44
84.89
-274.11
-279.96
66.27
64.28
244.44
-64.59
-156.44
154.56
-190.88
-283.19
-390.48
-233.92
265.59
286.06
-272.36
-69.26
-94.27
213.84
63.99
36.85
-96.2
241.17
289.24
59.21
-39.84
48.4
6.72
158.89
118.95
-80.26
442.39
287.59
7.44
194.69
11.53
-201.66
-76.66
-356.48
-313.61
-70.11
-237.81
-184.95
-96.62
113.08
-144.72
-23.27
-18.39
-11.17
40.45
-154.46
-184.73
81.39
97.3
-43.66
-40.77
6.2
267.02
251.06
197.05
23.81
156.73
249.32
45.26
-111.34
-205.61
-190.98
100.79
-33.15
-164.86
-4.86
100.32
348.82
19.36
-124.5
-72.41
-170.51
-107.53
-102.62
-302.83
57.45
-373.3
-530.7
-10.78
304.46
806.98
327.16
220.29
325.54
458.9
-51.21
-135.68
-449.09
-193.21
-346.86
-74.72
94.84
86.98
93.67
99.57
-41.4
459.34
163.07
-55.79
-5.62
-152.45
-329.5
-280.22
-746.18
-194.89
93.26
-170.92
-335.85
-211.11
497.99
629.34
517.91
241.15
211.77
451.42
563.96
81.73
-32.44
-100.19
32.84
196.31
-46.42
-307.57
-121.56
-184.1
-261.86
-520.17
-241.09
149.48
-12.55
94.21
423.68
483.09
683.96
601.82
426.35
807.01
430.24
303.79
573.53
306.32
278.89
608.65
235.45
-83.1
10.6
-44.77
391.55
505.5
-115.42
119.47
434.98
400.55
193.52
138.62
58.99
335.06
297.31
421.72
374.09
492.99
447.31
456.84
398.94
399.75
506.43
433.93
620.84
708.09
529.48
505.85
565.28
320.37
469.94
171.39
-81.94
133.14
246.14
248.06
312.17
339.15
551.34
540.32
606.19
421.85
563.24
821.7
528.06
989.09
1035.26
1142.99
1255.11
1287.5
1364.46
1563.21
1044.64
1292.86
1027.16
1057.99
1093.8
841.09
943.43
918.66
986.37
1299.65
1400.57
1518.1
1662
1733.23
1887.88
1918.49
1968.04
1891.17
1678.87
1682.69
1649.66
1471.3
1256.07
1249.51
1105.74
1306.32
1355.89
1565.38
1572.62
1567.67
1539.36
1750.49
1860.63
1711.72
1457.56
1501.4
1665.56
1660.35
1525.44
1418
1764.62
1891.08
2025.15
2259.73
2038.12
1230.04
2176.65
1906.3
-102811.63
105916.63
2733.7
3391.84
-112042.17
117460.35
3536.99
3286.44
880.29
2251.68
2246.3
2380.67
2503.95
2538.84
2553.37
2621.25
2704.23
2610.5
2243
2200.47
2268.37
2236.31
2497.05
2424.32
2203.03
2408.85
2542.21
2610.35
1303.09
3127.89
1474.99
-177114.79
184576.89
-184576.89
191328.31
996.21
2444.17
1133.01
2303.76
2345.46
2335.23
2386.91
2742.14
3008.2
3195.82
3197.56
3347.01
3448.02
3814.32
3960.03
3755.66
3533.12
3852.22
3924.81
3927.69
3785
3806.84
4003.3
3949.21
3932.41
3538.3
3282.48
2831.74
2093.94
1686.33
1057.63
85.6
-557.67
-1288.25
-2439.58
-3458.03
-4869.12
-6200.83
-7446.08
-8837.6
-10296.54
-11541.05
-12918.7
-14527.02
-15872.98
-17529.6
-19052.23
-20693.26
-22273.85
-23737.19
-25042.59
-26042.38
-26468.84
-26448.08
-25979.73
-25041.73
-23486.27
-21369.81
-19234.45
-16946.75
-15027.25
-12832.21
-10609.14
-8973.3
-7729.77
-6847.36
-7069.07
-7430.14
-8526.36
-10066.1
-11592.85
-13292.85
-14804.05
-15567.51
-15908.45
-15585.52
-14976.94
-13782.96
-11936.88
-9771.92
-7162.02
-4873.76
-2672.93
-254.82
2010.92
3947.38
5679.07
7124.09
8708.21
9612.07
10610.54
10850.77
10659.6
10193.02
9564.59
8878.16
8627.09
8104.22
8071.74
8644.57
9272.03
10100.99
10465.99
10946.34
11281.84
11628.92
11301.91
11291.31
10847.66
10595.21
10270.82
9908.98
9559.33
9670.28
9602.8
9803.51
10324.28
10634.81
11236.02
11417.29
11798.71
11818.98
11723.01
11437.25
11195.48
10669
10178.81
9352.02
8724.79
7836.31
7153.78
6392.63
5460.71
4647.65
4014.4
3396.34
3245.5
2940.21
2821.81
2980.72
3126.27
3093.5
3094.65
2653.5
2363.47
1990.99
1397.1
942.48
560.43
316.89
248.28
-26.9
-246.89
-163.97
-31.95
53.27
28.02
367.57
492.24
657.36
746.24
647.61
696.47
609.48
274.38
152.51
191
-189.76
-234.8
-589.84
-1022.67
-1332.81
-1712.88
-2287.7
-2542.74
-2706.41
-2910.7
-2791.65
-2867.56
-2512.26
-2358.52
-1877.41
-1713.2
-1429.86
-1189.46
-832.1
-704.29
-392.39
-618.31
-780.64
-946.66
-1089.43
-1402.49
-2017.37
-2652.57
-3084.45
-3582.86
-4082.53
-4668.04
-5200.83
-5670.31
-5884.32
-6119.43
-5841.34
-5924.55
-5502.48
-5098.14
-4212.32
-3659.44
-3302.17
-3096.13
-2709.82
-2602.32
-2431.2
-2826.5
-3189.09
-3437.26
-4071.52
-4305.89
-4628.98
-4845.53
-5090.6
-5065.81
-4919.72
-4593.94
-4332.32
-4091.43
-4283.74
-4017.94
-4109.34
-4172.23
-4632.58
-5297.69
-5926.91
-6602.14
-7066.76
-7238.59
-7370.96
-7396.34
-7065.51
-6808.77
-6294.27
-6021.75
-5999.16
-5726.01
-5505.7
-5561.39
-5438.51
-5433.72
-5043.79
-4577.99
-4062.63
-3305.71
-2247.41
-1516.87
-451.59
103.62
893.52
1189.34
1696.6
2156.73
2693.41
3053.47
3560.08
3710.9
4261.58
4781.15
5032.42
5560.55
5787.49
6212.98
6673.81
6930.55
7310.48
7608.33
7542.01
7871.54
7910.61
8040.94
8092.62
8059.96
8238.34
8210.67
8041.4
7963.6
7912.09
7677.8
7276.4
6587.71
5849.4
5358.22
4638.33
3859.49
3328.87
2522.98
2312.47
2567.87
2825.43
3353.14
4245.39
5207.99
6381.71
7242.38
7939.15
8369.07
8628.2
8543.98
7968.71
7385.62
6552.23
5669.06
4863.24
3917.54
2859.8
2057.49
1436.12
554.97
-33.67
-905.31
-1651.51
-2230.49
-2751.11
-3509.36
-3919.89
-4610.21
-4932.31
-5205.54
-5245.51
-5624.72
-5551.49
-5575.55
-5274.33
-5102.18
-4858.7
-4969.78
-4411.45
-4243.44
-3691.06
-3282.38
-2872.19
-2320.95
-2042.81
-1604.66
-1450.58
-1248.59
-1462.51
-1615.2
-1954.16
-1868.75
-2290.67
-2569.17
-2988.36
-3219.79
-3351.81
-3350.33
-3195.24
-2931.08
-2388.99
-1943.84
-1197.76
-717.93
-206.03
260.47
734.1
1241.06
1821.83
2282.31
2658.55
2902.95
3029.25
2886.63
2835.66
2710.28
2340.86
2194.31
2099.02
1771.31
1625.33
1438.8
1209.17
1362.85
1188.04
1038.53
1087.96
1343.9
1173.66
1194.08
1167.24
1144.48
1043.61
931.36
880.23
1010.25
968.46
1100.97
1270.98
1578.91
1838.15
1888.22
1885.7
1946.46
1684.29
1864.68
1596.25
1334.05
1025.3
1048.7
1005.93
1030.22
859.28
1088.64
1461.34
1882.84
2025.99
2187.8
2413.36
2593.36
2818.7
2700.58
2480.82
2384.29
2329.93
1881.51
1622.25
1190.03
907.67
563.53
398.65
88.98
58.36
16.99
107.27
-70.82
-73.21
-18.12
-288.49
-381.69
-558.27
-975.31
-983.44
-1072.3
-1603.26
-1466.35
-1682.1
-1906.16
-2009.78
-2128.87
-2048.49
-1910.99
-1832.47
-1608.19
-1248.14
-987.53
-934.27
-880.28
-902.13
-1050.63
-1231.03
-1477.54
-1646.36
-1414.73
-1617.92
-1470.22
-1416.52
-1404.79
-1244.64
-1010.83
-1036.52
-870.89
-723.51
-615.13
-287.38
-85.5
-237.39
-97.02
-73.04
-230.17
-204.63
-229.15
-584.9
-561.99
-881.05
-1082.51
-1205.4
-1393.89
-1560.27
-1313.13
-1389.67
-1009.67
-895.29
-625.89
-283.97
8.78
105.07
383.17
462.42
950.69
1045.27
777.34
573.04
584.07
523.05
246.71
-59.99
-183.44
-52.79
76.71
300.47
257.78
214.24
395.1
548.12
461.44
368.78
-55.85
-69.52
2.56
-160.94
-411.56
-367.56
-417.91
-613.83
-639.38
-792.91
-962.87
-1015.97
-1049.29
-1132.73
-1186.5
-1225.62
-1250.42
-1227.75
-1416.56
-1455.62
-1655.47
-1512.44
-1596.15
-1607.02
-1644.74
-1595.43
-1794.81
-1473.89
-1673.83
-1736.57
-1676.32
-1684.3
-1442.29
-1124.15
-1407.23
-1114.91
-598.23
-688.14
-453.82
-285.26
-215.65
399.27
311.43
407.33
739.85
862.22
815.44
1164.92
926.33
1408.71
1539.05
1402.27
1509.01
1823.27
1620.23
1894.13
1600.32
1184.82
1234.59
955.26
652.65
470.73
149.53
356.97
-14.21
-3.5
86.18
-13.89
-14.57
55.11
-40.7
208.15
342.63
700.11
608.53
660.68
750.59
967.71
971.67
992.64
726.02
971.35
1157.83
1040.59
973.86
1216.67
1190.87
1326.94
1297.58
1059.65
1054.85
958.3
939.41
704.72
628.19
454.29
635.95
667.74
834.99
559.53
553.04
506.84
680.55
340.95
288.27
-59.89
149.76
343.53
24.57
-166.93
-22.85
-10.74
-297.72
-546.25
-784
-706.94
-932.75
-1120.56
-1421.14
-1311.85
-1382.14
-1511.12
-1565.7
-1363.72
-1505.2
-1186.64
-1378.91
-1409.3
-1228.08
-1425.92
-1362.68
-1304.94
-1545.23
-1366.01
-1421.27
-1590.04
-1338.63
-1478.77
-1385.8
-1536.61
-1204.24
-1230.12
-1000.62
-965.78
-470.15
-489.92
-81.03
-235.59
73.35
40.83
64.61
-330.77
-26.6
168.15
97.86
169.95
243.52
284.17
358.3
440.25
191.44
440.78
151.23
117.5
127.44
69.24
-197.58
-196.46
-485.31
-270.31
-209.84
-309.92
-218.55
-50.69
-130.37
125.85
49.79
-21.87
-98.15
-25.36
-127.9
-11.5
-204.42
-104.31
-110.69
175.32
17.22
-62.45
-62.03
34.98
-112.14
134.56
-121.78
-70.75
-3.69
50.18
-36.42
207.94
8.94
-68.77
59.32
53.76
-76.07
7.89
-172.52
-364.34
-156.04
-435.38
-502.05
-372.58
-600.98
-801.5
-955.58
-1028.1
-939.74
-1066.43
-1316.19
-1264.26
-999
-779.09
-993.64
-927.42
-752.33
-667.15
-739.06
-664.68
-335.63
-305.54
-271.59
-74.53
-67.85
24.79
-103.76
-314.45
-69.98
-414.73
-599.83
-861.23
-888.45
-945.75
-975.69
-1163.26
-904.01
-1122.48
-831.45
-791.01
-842.08
-919.74
-862.76
-828.54
-558.29
-692.96
-739.53
-505.1
-725.94
-581.93
-637.41
-710.11
-616.36
-602.34
-600.06
-237.88
-335.19
-153.34
-276.4
-195.54
49.02
-34.41
-39.08
30.85
-31.48
188.88
92.93
-17.89
-60.61
-20.81
-72.88
-57.11
-113.54
-88.99
-73.21
11.16
-145.1
-46.08
-54.74
0.32
-16.32
0.64
39.26
107.03
145.83
-35.3
6.17
55.28
95.61
24.9
75.59
-26.28
-1.93
-41.62
-48.21
-87.6
25.53
29.55
54.83
226.15
-52.64
47.39
58.9
-14.52
-48.81
-30.54
-201.1
143.19
-150.51
-215.36
-113.76
-288.86
-173.33
-70.33
-246.37
80.6
153.54
34.71
157.12
-7.07
228.69
217.32
278.4
355.16
379.04
622.16
813.9
722.69
946.63
758.99
873.99
747.67
731.17
431.38
310.46
269.48
259.29
79.07
107.79
-70.09
38.47
82.37
37.77
136.51
278.63
465.17
537.54
544.14
620.3
653.68
645.02
668.86
686.37
502.94
605.46
501.31
588.74
526.52
444.84
258.94
435.02
321.18
320.64
118.7
294.27
266.58
637.44
600.46
579.56
706.8
839.08
930.96
951.78
1094.47
954.74
1229.34
1147.97
1188.58
1156.87
1087.28
559.83
801.39
635.41
661.33
839.59
556.44
532.71
671.82
540.4
630.94
556
190.42
364.96
384.68
607.97
476.96
334.88
385.27
378.29
268.49
251.51
154.61
224.17
229.15
215.66
430.33
464.35
526.11
492.82
550.17
525.9
623.5
327.47
226.03
77.46
-32.14
200.15
462.27
-58.69
706.78
895.15
-3159.61
4471.21
-21.29
-239.49
8.14
400.69
592.53
475.4
959.07
844.37
726.26
411.57
-181.45
-353.54
34.98
-716.39
-383.89
-377.04
-15.28
91.26
-142.51
-288.72
-101.02
8.34
120.79
-31.17
-54.73
87.05
-177.84
-9.77
-169.84
106.78
154.46
-8.42
-203.77
225.72
43.47
342.56
-149.43
-221.97
-171.53
-15.08
59.37
331.19
430.26
328.66
319.22
647.5
830.98
899.8
637.03
592.91
925.79
872.91
896.99
694.36
503.22
777.39
461.16
405.25
491.96
199.63
222.7
225.16
3.18
206.27
276.23
43.29
80.41
128.04
117.88
405.47
262
322.2
362.85
421.55
256.58
360.33
48.83
-21119.03
21753.31
-21753.31
22530.04
211.15
337.69
269.16
222.56
127.39
208.12
40.19
259.44
203.57
221.73
143.25
115.04
-157.85
51.25
-202.65
-252.95
-697.84
-654.24
-713.04
-560.78
-677.38
-729.08
-461.13
-236.81
-166.31
97.16
-79.36
-260.92
-250.94
-95.85
-196.34
-41.11
-159.93
-121.49
558.64
669.8
551.64
854.7
686.82
576.88
1179.16
823.04
856.73
758
890.78
1002.32
1384.33
462.76
940.13
786.06
-31303.53
32977.8
659.29
178.86
0
1499.47
-35315.42
0
38503.41
-38503.41
0
40093.41
-384.81
61.85
-180.55
-155.55
53.46
94.67
-39582.48
40281.95
208.06
421.66
135.34
-92.33
-13.87
-225.25
-219.56
-233.04
-109.93
-316.96
-149.92
13.56
-67.85
-51.54
116.06
-149.59
-15.59
139.82
-120.2
-39550.82
0
39193.89
-591.11
-38602.78
0
37982.25
-390.2
391.29
313.19
467.08
441.66
227.96
467.39
732.7
50.91
-103.14
-286.33
-296.37
-39.15
-442.24
-435.36
-327.1
-122.42
-121.79
-32.42
-132.87
97.99
-233.06
-38209.97
0
38086.59
-38086.59
37659.06
-63.22
-330.6
-181.13
-73.9
-490.76
-359.51
-216.37
-263.78
-9.14
-65.34
-52.47
-35552.84
0
35115.15
-562.6
-467.79
-484.31
-717.61
-649.42
-672.59
-770.12
-441.07
-391.3
-486.48
-471.42
-641.18
-507.85
-253.27
-607
-640.13
-381.51
-596.56
-352
-480.06
-656.05
-474.09
-474.78
-566.17
-546.9
-774.14
-477.55
-751.92
-575.92
-523.46
-720.81
-758.56
-634.71
-825.48
-723.78
-1028.84
-1059.38
-834.24
-961.6
-883.72
-897.02
-981
-835.68
-905.13
-932.28
-778.43
-846.26
-961.54
-725.34
-796.58
-748.19
-712.07
-715.83
-545.57
-516.72
-425.07
-299.51
-312.75
-299.7
-303.7
-598.24
-435
-644.02
-604.82
-469.46
-500.53
-469.36
25.85
-205.5
-103.26
-201.28
-418.59
-503.96
-533.11
-955.65
-765.82
-781.74
-678.38
-656.91
-445.72
-747.47
-562.9
-614.44
-569.79
-598.58
-378.12
-547.95
-356.03
-333.11
-47.89
-308.23
-358.57
-474.13
-264.87
-202.23
-349.75
-572.18
-193.88
-261.94
-288.51
-179.76
-159.19
-76.82
203.27
-75.83
44.87
267.14
-140.25
-54.8
-87.47
228.1
1724.75
2349.8
2376.53
2766.89
2924.19
2810.48
2448.01
984
246.4
238.04
104.8
-83.66
-7.1
-206.03
6.67
112.02
14.43
-62.26
-97.81
-66.11
-8.25
-147.19
111.29
52.88
0.62
47.01
114.12
120.93
96.34
-329.05
-244.62
-106.19
-43.05
7.56
55.56
103.27
278.72
266.06
59.25
26.87
89.99
-82.58
92.08
-44.41
-38.88
59.98
250.54
26.61
187.9
-124.49
7.38
-0.74
97.55
-158.42
-100.09
-230.64
-57.56
16
-106.4
12.66
-49.09
45.46
113.96
296.86
-52.45
71.36
-167.68
40.82
-51.17
-68.06
-251.42
-44.55
-54.02
-52.84
0.62
100.88
104.86
170.34
139.32
47.82
91.4
-69.59
-258.87
-69.45
-90.9
-96.77
-20.59
62.4
137.97
255.42
-17.87
-119.81
-26.24
-63.01
-134.53
-31.15
-64.53
44.01
246.4
-39.16
30.24
51.42
53.85
-47.8
-28.7
-258.27
-106.31
-2.79
-115.74
-228.15
-4.18
-194.59
102.26
245
-51.45
287.1
199.09
-57.68
109.35
-174.05
-303.35
-123.99
-154.89
84.95
-20.55
37.78
184.98
349.06
286.19
-49.77
-425.96
-141.71
-258.93
-156.32
-239.99
129.34
193.28
318.84
136.05
273.25
-117.12
93.72
144.23
-395.48
-548.84
276.68
436.34
361.98
51.76
91.27
529.84
482.26
-309.45
-198.59
-26.92
-299.38
-780.94
-553.69
-189.2
131.93
-233.26
-132.71
276.76
170.35
313.07
351.07
96.43
211.56
323.77
185.38
649.09
290.49
116.94
-186.34
-313.71
36.03
39.05
-502.94
-250.43
-76.36
220.48
214.42
-13.43
-69.68
489.08
153.29
116.14
84.74
-120.18
-288.44
-168.07
-461.83
-647.38
-317.8
-209.46
48.04
351.83
33.05
240.75
625.99
-146.34
-56.95
70.98
-130.68
148.53
-282.48
-245.25
-14.91
18.34
-312.29
-204.18
-142.2
-23.96
-125.17
-28.45
-233
83.05
-97.7
-88.89
44.87
123.2
162.63
307.54
103.98
-39.81
42.05
62.37
20.27
-413.33
-239.87
-300.07
94.2
469.37
-222.26
-165.92
7.92
76.2
468.69
-103.76
2797.84
-3394.98
91.56
3303.42
-2842.38
-490.84
48.11
406.17
50.6
345.02
256.85
2226.47
-1673.82
115.57
-56.45
75.26
-71.46
-231.95
36.8
76.97
-72.32
-134.74
-312.4
-358.65
50.5
-183.86
30.57
132.69
-168.18
-8.66
525.17
-169.52
-11.45
-264.86
-542.75
272.81
461.89
-271
25.48
114.81
123.01
152.99
-240.84
-366.79
65.02
-101.53
-156.42
44.93
257.82
2835.36
0
-3462.4
-378
255.6
5.14
-240.3
-111.09
-161.33
-25.13
543.86
-211.14
-91.25
401.76
3474.28
-3336.06
350.43
-84.92
294.58
398.04
-52.05
97.78
20.81
-27.31
75.43
210.07
-217.03
41.96
3.94
92.68
155.78
56.15
-355.54
-44.28
240.38
326.21
-20.05
20.38
-42.68
75.3
281.24
-98.15
-245.91
142.98
-65.54
-32.45
-28.39
-121.01
6.41
-136.56
-15.3
-85.15
-88.11
-66.9
-151.43
-252.11
81.43
-212.46
17.95
72.65
-6.62
266.81
152.91
47.08
138.27
165.53
29.53
50.42
-135.58
-269.5
-138.42
-170.86
-215.97
-274.55
-137.33
-153.26
55.84
-59.91
-3.27
107.85
172.37
65.04
3.24
162.87
199.06
94.95
-22.58
114.49
-78.73
100
-125.75
-189.12
-70.49
-28.56
35.3
94.37
64.23
131.63
343.21
199.39
3.95
-211.98
-10.31
-37.54
-102.2
-241.29
15.85
67.47
111.86
-167.7
-70.17
102.69
35.77
-229.1
107.36
-50.27
211.5
-25.96
-157.21
25.76
123.88
-104.08
-8.63
-62.7
34.61
83.47
-130.98
-125.66
-104.72
-40.64
-17.25
74.06
48.86
75.99
94.09
87.69
127.34
-79.21
-92.36
-16.49
-97.13
-57.4
-182.85
-116.89
47.73
95.53
33.08
318.22
17.3
78.36
70.87
116.52
84.68
-47.39
-200.46
143.71
152.45
41.56
-90.51
-198.48
43.18
-11.49
-149.04
-72.2
-145.56
23.21
67.51
-55.82
191.58
28.54
114.73
13.34
232.28
37.26
51.8
-110.37
177.98
-104.38
68.58
-398.8
-47.77
-45.86
-186.8
-133.01
26.93
-13.21
170.3
-31.28
-27.41
190.28
-14.42
31.81
87.04
-30.37
-85.06
4.52
-159.55
-127.78
-103.96
-124.06
10.04
-29.5
-1.97
-95.85
30.97
-32.87
-53.92
-5.97
53.29
154.58
134.79
84.28
4.65
192.26
-99.38
-20.43
-215.36
-158.44
-147.77
-102.47
-176.63
133.28
-89.57
7.32
58.47
253.98
13.16
17.07
-26.86
177.41
144.89
69.5
-184.99
227.5
111.79
49.87
23.03
-59.45
145.51
39.51
-68.26
28.95
-110.57
-93.62
-67.86
-122.05
45.05
-47.33
6.29
-47.27
-38.58
-54.64
-102.35
-159.39
-87.42
82.21
128
90.73
-9.49
151.81
122.02
108.41
-42.65
40.65
-23.82
29.91
-51.13
-69.34
-107.61
-153.53
-181.23
44.73
81.54
80.73
42.65
181.55
-151.22
-24.12
-88.98
-4.88
-102.12
-19.81
-69.64
-48.38
-106.22
-63.65
-111.94
90.62
137.25
-82.05
147.22
49.85
120.02
118.04
-44.09
-28.12
118.6
142.61
98.92
67.23
175.79
82.61
38.7
-29.76
-29.6
143.2
-35.55
12.09
-125.72
-56.11
-28.8
-70.67
-185.32
145.29
-81.74
15.63
-54.74
1.97
88.28
237.24
-275.04
-142.1
22.64
136.35
38.78
-24.31
-25.64
154.61
-8.26
-141.65
-115.31
-118.16
-247.63
-288.91
-212.8
-47.95
60.02
-45.3
113.67
315.01
126.7
200.56
130.39
97
-68.96
-101.22
-165.39
6.77
-76.8
-92.18
-87.23
171.3
133.15
64.76
29.68
-27.43
294.27
343.81
34.2
-7.24
125.03
128.44
257.55
-207.12
-308.06
-104.52
61.56
-33.16
-85.85
-155.88
-234.52
62.15
-87.58
-183.61
-209.35
-102.96
-244.8
-58.13
-148.62
-107.78
-164.66
-44
-231.55
-69.76
-64.47
-17.93
-26.44
-49.29
34.89
87.25
215.42
185.54
-28.29
-22.91
205.25
104.77
290.06
139.04
311.06
327.43
319.39
100.07
1.34
-114.48
-180.66
-183.31
-269.75
-59.74
14.21
-12.39
15.18
94.43
14.62
223.57
191.86
81.92
207.29
261.13
170.12
96.13
-23.36
-146.33
-208.11
-137.7
-176.2
-157.79
-202.89
-129.98
-34.9
-7.11
-26.76
249.55
104.75
273.14
77.43
68.26
313.59
137.65
-293.22
-47.22
-147.41
16.89
31.01
-173.31
-109.4
152.18
196.07
72.27
168.68
70
177.49
104.95
45.63
64.01
26.11
73.17
-192.98
-89.92
-69.81
-216.33
-345.35
61.27
-258.21
188.97
-84.82
-93
120.13
124.75
-78.64
4.52
-177.82
62.82
132.44
-31.57
47.52
-29.98
100.49
179.27
85.9
3.08
11.25
21.13
161.24
-137.35
-213.75
-66.1
85.56
61.58
-57.14
-129.65
246.09
142.5
-7.48
-92.24
-136.26
9.46
-17.41
-60.08
0.52
-18.06
-19.19
92.59
-6.75
-10.39
-175.21
-143.29
-146.34
-61.49
-63.87
-84.51
90.68
113.74
11.12
163.61
-38.88
107.3
26.95
-240.65
-256.72
-14.03
-49.44
157.43
-33.72
88.38
87.97
165.6
132.76
-15.89
-87.88
-98.69
-80.35
100.43
4.84
-103.29
80.3
1.74
-84.01
4.07
-88.54
13.76
-9.81
-120.36
209.74
257.44
73.22
93.73
152.66
184.05
197.9
-122.71
-171.43
55.82
-20.07
-69.16
-3.82
-61.74
48.25
-28.22
-133
-158.43
-300.92
-259.28
-49.23
-260.49
9.69
-35.33
-40.03
70.2
78.21
-164.91
43.76
44.99
1.79
135.37
140.4
229.9
149.08
100.91
-61.51
-27.96
-50.71
50.11
-216.59
90.79
-53.98
86.74
23
113.78
17.12
106.88
-128.34
-9.06
-15.59
94.1
63.03
-61.59
-81.88
31.79
74.55
88.15
-45.8
24
-7.61
17.78
-1.3
46.81
-3.09
101.29
-148.39
37.7
66.98
10.83
4.03
-36.62
43.34
115.78
113.46
-22.07
49.49
-114.78
-141.08
-65.17
-169.63
-6.9
-81.38
-44.95
19.06
193.25
-140.27
3.49
-272.32
-130.29
-155.23
-80.34
-56.67
134.91
145.93
272.13
337.96
220.27
122.09
-0.07
-116.18
-91.45
-295.15
-216.82
-51.98
-113.31
-175.93
41.79
87.73
158.64
213.44
-96.29
62.41
300.51
30.8
-118.59
146.82
21.5
24.77
-46.37
-208.84
-96.72
74.57
-104.38
-223.84
42.59
-47.92
-245
167.23
103.82
12.21
10.93
-55.19
61.88
276.35
-167.38
-213.77
-30.99
-77.86
-127.13
-43.76
-43.36
80.72
-99.76
-51.32
107.14
92.95
105.59
-62.79
-43.68
221.96
157.64
72.31
87.41
-57.25
40.37
-312.76
-334.22
-304.45
-118.59
-42.48
65.17
-78.26
237.66
272.94
167.36
-103.25
-165.77
-115.34
198.02
64.19
-152.61
94.95
182.02
37.91
186.06
97.84
44.83
238.98
-95.02
-74.68
219.89
15.71
-244.01
-97.99
-23.47
101.11
2.53
5.75
-97.67
-22.94
-51.96
2.98
-139.74
22.95
-39.07
-23.11
65.11
-29.05
-278.94
-157.62
-118.17
-70.5
10.4
68.55
189.2
198.96
152.91
156.52
74.29
319.43
-0.53
-94.5
-115.07
-11.13
-27.81
-94.99
-301.48
105.71
135.3
325.74
172.05
4.05
25.27
-97.29
-93.84
73.18
-104.97
-79.64
-70.57
-102.2
71.23
-31.04
-169.74
-125.22
69.67
9.26
307.5
179.07
-23.78
-27.85
96.98
-20.6
90.55
-216.29
-105.89
-42.89
54.97
-32.13
-76.76
21.5
67.25
-99.4
114.01
-77.07
-13.97
-23.68
-14.68
61.09
191.76
-101.48
60.63
-86.45
-3.66
-96.52
-32.33
-229.32
-66.41
-54.32
123.25
62
172.3
-7.09
102.27
376.06
129.38
-31.57
2.67
23.67
-20.17
30.25
-240.84
-21.37
95.77
32.53
-123.46
-20.74
-73.78
18.96
-191.87
-264.44
8.15
11.66
-21.59
82.34
40.44
217.46
221.58
-14.26
-169.06
-66.63
66.95
-41.45
-187.5
-230.39
-25.81
166.88
146.88
-24.75
-33.74
217.74
139.51
2167.05
-2142.92
-86.42
-42.72
32.82
-111.19
35.08
84.22
-265.97
-116.14
-174.41
-123.1
-111.25
-59.57
-226.94
-48.27
11.44
54.13
-101.22
-78.78
-90.14
230.82
30.39
-106.47
-44.51
68.39
133.46
70.51
39.99
159.63
267.09
157.73
76.52
185.09
100.85
-147.76
-255.49
-177.13
-58.8
139.06
-94.38
-89.94
159.74
13.7
-22.58
-34.74
-162.28
22.94
90.62
-97.2
93.98
-5.45
4.97
-13.01
99.15
-53.74
123.92
61.62
107.27
-23.09
-24.75
-106.34
198.35
-147.05
-89.29
24.98
-54.28
-47.01
178.77
-142.59
67.94
176.71
79.99
173.54
94.45
-174.85
-8.35
169.19
-39.06
9
-306.86
57.12
-18.16
-19.66
-156.17
-19.67
-80.64
221.2
16.51
52
179.33
-181.91
-211.7
-182.31
-133.31
-40.46
-53.17
-182.4
129.35
193.73
43.05
27.48
-208.77
-94.96
-137.53
-18.46
-7.6
135.45
152.33
207.82
240.62
92.73
117.38
35.89
-48.97
-88.05
43.92
-12.93
178.43
-36.87
-53.78
79.64
34.42
-53.03
-108.41
-97.91
-138.79
69.93
-37.6
-7.91
-15.17
47.09
78.34
218.36
92.08
64.71
64.41
-50.43
-13.28
20.86
-22.08
-19.16
146.31
-45.02
29.09
-164.98
-203.82
-47.16
-115.36
-79.96
-42.27
106.34
347.09
259.3
88.65
25.21
-114.65
-5.18
-402.39
-269.5
151.26
94.21
45.97
54.26
177.53
315.02
130.52
-354.2
-33.48
-141.7
-192.44
-376.74
-651.79
-627.14
-116.31
-358.48
-139.38
215.18
261.36
708.16
607.74
301.01
85.95
249.89
-57.76
35.88
2238.84
0
0
-615.36
-378.64
0.39
-47.12
95.62
-232.93
75.9
402.89
276.03
-201.26
-371.92
-501.01
-279.55
-160.44
-630.94
-363.31
-342.39
-100.8
-79.55
-190.7
-335.58
2.19
468.64
475.9
551.49
257.67
169.95
184.44
151.13
-197.38
-120.42
-285.98
-58.8
160.16
-45.26
-183.32
-289.62
-36.21
-23.78
2.78
-118.34
-57.04
235.02
83.56
-94.22
114.44
25.71
76.9
169.85
-146.82
-85.67
101.92
-14.63
74.13
150.9
364.93
162.5
50.35
-4.48
-155.64
-133.88
-175.87
-175.84
3.99
237.18
306
119.18
45.73
-27.16
-363.34
-332.21
-157.34
-320.33
300.5
88.2
-203.92
254.45
334.11
44.24
-969.99
-991.87
-184.35
637.15
-149.87
-388.36
-272.31
1171.34
895.43
170.88
388.14
1027.08
686.76
1425.97
305.97
128.71
-533.6
-660.65
-892.74
-705.9
-595.5
-520.55
-198.45
-145.2
-16.68
-35.29
-97.27
156.2
118.24
-111.74
-125
-472.9
-242.38
-128.02
-190.27
-40.74
10.14
261.17
587.33
413.38
56.38
219.5
183.3
94.74
143.92
209.61
339.45
87.53
145.93
357.84
115.68
-46.25
51.91
-171.48
207.88
-194.87
-570.35
-284.15
-94.5
-303
-255.29
-205.18
-19.99
77.61
28.71
-63.34
-59.78
262.59
-27.71
-87.01
-39.48
-35.17
-173.02
-154.13
-340.85
-199.73
-64.73
-116.39
43.56
141.91
-19.43
-185.44
-181.11
-90.55
54.55
19.66
20.75
360.28
196.08
227.86
-78.97
-121.76
-77.24
97.91
-151.25
29.76
213.28
46.78
280.82
133.22
25.92
-140.87
-22.2
47.61
63.91
-192.68
-168.28
17.22
-4.64
131.93
-143.51
139.75
163.73
232.41
-126.67
-37.99
-280.61
-28.33
7.39
238.35
155.09
244.82
272.13
292.25
75.93
-157.75
-457.71
-304
-218.76
-3.15
24.98
108.81
205.38
201.38
142.45
-7.47
-98.7
28.6
129.34
8.04
-31.04
-94.91
160.63
109.13
4.27
-148.36
21.3
91.94
88.51
-71.41
-162
-35.6
-149.18
-282.46
-236.91
-85.42
-76.05
157.81
-133.04
26.18
246.28
263.12
184.05
239.12
117.27
185.11
207.62
-15.49
-86.13
-142.85
-237.35
-306.04
-146.91
-153.04
-17.34
16.54
83.29
-42.67
90.59
-20.66
149.72
-109.74
-11.06
66.95
223.66
80.89
5.18
-73.75
154.83
-48.73
-232.78
-242.99
-94.04
-108.08
-91.04
-108.17
48.84
65.87
96.18
-83.82
103.25
-62.41
3.37
-20.02
-87.5
-126.38
77.44
-10.53
112.73
26.59
-37.7
10.86
202.79
20.7
-100.75
-179.4
-39.87
26.52
-23.22
-141.46
-235.92
7.09
-12.71
74.98
-78.38
-99.69
-86.2
106.84
133.51
-88.81
-283.52
-291.43
-93.75
-23.01
-46.7
-81.29
34.3
11.73
102.16
337.86
351.1
80.04
-18.4
2.1
124.78
245.99
35.32
-217.47
283.86
-43.85
206.14
-22.75
-105.26
2335.33
-2160.97
-179.53
308.12
37.99
230.95
189.75
-204.34
-49.82
78.91
117.49
132.43
84.22
95.9
85.38
127.53
-171.35
-80.07
-19.34
-65.77
20.77
101.8
-28.19
162.28
-96.88
-247.22
-37.23
-181.11
-96.64
-98.82
-187.04
-136.57
117.67
15.24
-163.65
-71.14
18.28
140.49
-21.33
109.57
-166.11
206.18
178.65
53.59
0.14
148.22
-186.32
107.72
47.64
-87.49
30.07
-50.28
0.13
123.23
-31.82
-73.69
-64.21
8.3
9.59
-115.3
-69.75
226.73
9.12
-149.91
31.45
-19.48
166.38
68.27
-288.6
-35.43
137.93
-255.74
-191.63
-218.35
-138.59
128.97
73.16
96.96
-17.14
108.59
-51.37
-73.37
-13.56
-59.15
-202.24
61.48
-17.79
-27.81
46
-92.41
3.86
1.83
-13.29
38.39
329.5
166.25
162.41
173.54
98.74
194.35
20.7
-134.2
-97.81
-57.21
-53.14
10.13
-62.12
-59.28
45.73
-8.21
86.86
-160.55
-24.71
-17.03
89.87
65.4
-4.91
-112.51
72.92
-79.04
-43.36
97.09
-67.96
72.65
136.74
160.33
291.59
203.79
42.14
165.05
95.65
3.3
-88.86
-198
-7.68
-51.35
-168.55
-67.06
-95.03
-66.59
35.39
-133.73
-155.12
6.38
-57.65
-30.75
92.21
20.47
25.47
70.87
-77.95
1.73
-185.95
-146.06
-135.87
-65.29
-84.07
-81.05
-118.92
144.85
-122.76
104.89
-16.67
111.1
165.01
53
-84.5
52.89
38.49
334.53
188.42
204.81
317.24
353.05
263.24
-63.83
-252.13
-240.69
-307.39
-190.38
-246.43
-181.17
18.88
-12.55
20.06
73.05
-34.96
8.31
65.38
128.2
-88.79
-19.26
1.55
6.71
135.27
-181.29
-246.53
-76.47
-40.59
-147.49
-93.25
-364.88
-91.42
-61.22
-92.97
-214.17
-81.28
-81.61
-32.24
158.24
111.14
64.66
113.38
167.48
118.52
245.92
-13.19
-160.14
56.97
76.01
106.27
-81.86
-80.9
9.92
73.96
74.5
29.65
-175.74
20.16
-47.07
-55.33
59.15
93.68
89.67
194.28
138.48
347.27
165.04
17.73
-19.85
135.94
73.24
114.31
-214.05
-149.53
239.48
-139.97
-36.74
-100.55
24.86
47.18
144.59
-241.25
159.51
-185
30.12
-207.52
-60.18
113.4
230.97
68.15
97.89
-288.62
-321.3
-358.21
-566.86
-497.19
-223.39
-131.61
133.42
396.17
358.19
285.71
216.74
117.52
23.67
122.15
-71.5
-49.63
0.74
79.9
49.88
-112.39
36.23
79.81
162.24
143.9
-75.61
-45.01
37.03
-209.39
-107.26
-101.87
-81.32
29.93
-114.07
71.75
-37.25
-134.64
-53.41
127.97
262.75
79.78
105.8
165.62
191.05
35.94
-206.1
-232.35
-72.46
-24.88
-98.66
-86.92
174.55
195.51
-20.98
144.91
-93.62
-14.06
-128.62
-313.75
-327.03
-153.67
-236.28
-182.79
-83.5
47.39
157.76
105.66
118.82
228.64
279.02
125.16
117.87
-151.09
-52.33
17.99
-349.94
-196.74
-204.13
-294.27
-64.97
-77.44
-241.13
89.45
-64.83
125.59
130.67
95.25
186.98
106.85
-114.59
-15.25
134.12
162.45
-167.91
-78.22
320.62
478.2
338.29
271.78
399.58
549.17
85.33
-296.6
-269.45
-68.28
-324.02
-304.72
-333.45
87.91
265.14
59.66
8.62
-62.7
-36.88
233.08
117.82
68.15
155.32
215.6
169.39
-171.95
-125.72
-58.73
-38.26
92.93
62.56
130.35
147.35
87.28
10.91
-170.97
-177.71
-204.84
-151.01
158.52
-6.71
31.75
66.58
-113.3
14.43
-10.99
-246.69
-107.39
-27.4
50.59
207.58
-38.63
202.29
156.68
59.95
-69.03
61.81
-187.56
177.24
-84.86
44.16
-2.25
9.41
-57.18
137.45
-187.49
-7.94
-90.72
-7.98
35.98
2.11
-175.74
-106.78
-174.38
-3.64
-88.01
-29.98
-45.3
194.19
73.37
10.6
64.78
83.31
-67.78
-47.26
-0.25
79.16
39.3
-60.85
-59.77
61.39
61.19
-79.79
-140.85